河南泓阳压力容器有限公司,http:////www.11467.com/xinxiang/co/3521.htm
河南泓阳压力容器有限公司的商铺,http://xinxiang03521.11467.com
鹤壁市煤化机械有限责任公司,http:////www.11467.com/hebi/co/14096.htm
鹤壁市煤化机械有限责任公司的商铺,http://hebi014096.11467.com
滕州市鲁佳机械制造有限公司,http:////www.11467.com/zaozhuang/co/37086.htm
滕州市鲁佳机械制造有限公司的商铺,http://zaozhuang037086.11467.com
深圳市奔能佳电子有限公司,http:////www.11467.com/shenzhen/co/453946.htm
深圳市奔能佳电子有限公司的商铺,http://shenzhen0453946.11467.com
西安未来检测技术有限公司,http:////www.11467.com/xian/co/134654.htm
鹤壁市博达矿用设备制造厂,http:////www.11467.com/hebi/co/11543.htm
鹤壁市博达矿用设备制造厂的商铺,http://hebi011543.11467.com
山东金科星机电股份有限公司,http:////www.11467.com/qiye/92461726.htm
山东金科星机电股份有限公司的商铺,http://92461726.b2b.11467.com
山西科泰矿用装备有限公司,http:////www.11467.com/taiyuan/co/128993.htm
山西科泰矿用装备有限公司的商铺,http://taiyuan0128993.11467.com
济宁市进争工矿设备有限公司,http:////www.11467.com/jining/co/71056.htm
济宁市进争工矿设备有限公司的商铺,http://jining071056.11467.com
武汉诺贝思机械制造有限公司,http:////www.11467.com/wuhan/co/141749.htm
武汉诺贝思机械制造有限公司的商铺,http://wuhan0141749.11467.com
唐山蜻蜓动漫设计有限公司,http:////www.11467.com/tangshan/co/89364.htm
唐山蜻蜓动漫设计有限公司的商铺,http://tangshan089364.11467.com
郑州市永华机械制造有限公司,http:////www.11467.com/zhengzhou/co/93387.htm
郑州市永华机械制造有限公司的商铺,http://zhengzhou093387.11467.com
江西省萍乡市瑞驰进出口有限公司,http:////www.11467.com/pingxiang/co/11697.htm
江西省萍乡市瑞驰进出口有限公司的商铺,http://pingxiang011697.11467.com
山东高新机械设备有限公司,http:////www.11467.com/jining/co/71737.htm
山东高新机械设备有限公司的商铺,http://jining071737.11467.com
淮南市松江电子有限责任公司,http:////www.11467.com/huainan/co/11523.htm
淮南市松江电子有限责任公司的商铺,http://huainan011523.11467.com
曲靖市广益矿业有限公司,http:////www.11467.com/qujing/co/18131.htm
曲靖市广益矿业有限公司的商铺,http://qujing018131.11467.com
石家庄紫藤惠尔科技有限公司,http:////www.11467.com/shijiazhuang/co/92695.htm
石家庄紫藤惠尔科技有限公司的商铺,http://shijiazhuang092695.11467.com
山东聊城海龙物资有限公司,http:////www.11467.com/liaocheng/co/32655.htm
山东聊城海龙物资有限公司的商铺,http://liaocheng032655.11467.com
河南一重起重机有限公司,http:////www.11467.com/xinxiang/co/31562.htm
河南一重起重机有限公司的商铺,http://xinxiang031562.11467.com
长治市昇兴机械加工制造有限公司,http:////www.11467.com/changzhi/co/26181.htm
长治市昇兴机械加工制造有限公司的商铺,http://changzhi026181.11467.com
巢湖瑞阳矿业机械有限公司,http:////www.11467.com/chaohu/co/13716.htm
巢湖瑞阳矿业机械有限公司的商铺,http://chaohu013716.11467.com
陕西鼎顺煤矿机械设备有限公司,http:////www.11467.com/xian/co/95897.htm
陕西鼎顺煤矿机械设备有限公司的商铺,http://xian095897.11467.com
郑州东方重型机械有限公司,http:////www.11467.com/zhengzhou/co/148398.htm
郑州东方重型机械有限公司的商铺,http://zhengzhou0148398.11467.com
长沙庆协机电有限公司,http:////www.11467.com/changsha/co/133089.htm
长沙庆协机电有限公司的商铺,http://changsha0133089.11467.com
宝应县嘉文电气设备厂,http:////www.11467.com/shuozhou/co/11823.htm
宝应县嘉文电气设备厂的商铺,http://shuozhou011823.11467.com
邹城市北华机电设备有限公司,http:////www.11467.com/jining/co/71865.htm
邹城市北华机电设备有限公司的商铺,http://jining071865.11467.com
滕州市永昌洗煤设备有限公司,http:////www.11467.com/zaozhuang/co/36883.htm
滕州市永昌洗煤设备有限公司的商铺,http://zaozhuang036883.11467.com
郑州市中航机械有限公司,http:////www.11467.com/zhengzhou/co/166757.htm
郑州市中航机械有限公司的商铺,http://zhengzhou0166757.11467.com
湖南九九矿安装备有限公司,http:////www.11467.com/changsha/co/120507.htm
湖南九九矿安装备有限公司的商铺,http://changsha0120507.11467.com
丹阳市宏瑞气体设备制造厂,http:////www.11467.com/zhenjiang/co/66574.htm
丹阳市宏瑞气体设备制造厂的商铺,http://zhenjiang066574.11467.com
上海丛和过滤设备有限公司,http:////www.11467.com/shanghai/co/1046703.htm
上海丛和过滤设备有限公司的商铺,http://shanghai01046703.11467.com
济南华科电气设备有限公司,http:////www.11467.com/jinan/co/137592.htm
济南华科电气设备有限公司的商铺,http://jinan0137592.11467.com
大同菲利普斯采矿机械制造有限公司,http:////www.11467.com/datong/co/14627.htm
大同菲利普斯采矿机械制造有限公司的商铺,http://datong014627.11467.com
浙江杭钻机械制造股份有限公司,http:////www.11467.com/hangzhou/co/199542.htm
浙江杭钻机械制造股份有限公司的商铺,http://hangzhou0199542.11467.com
河北鑫山输送机械有限公司,http:////www.11467.com/hengshui/co/35471.htm
河北鑫山输送机械有限公司的商铺,http://hengshui035471.11467.com
南京欧曼仓储设备有限公司,http:////www.11467.com/nanjing/co/72831.htm
南京欧曼仓储设备有限公司的商铺,http://nanjing072831.11467.com
泰安市鑫山矿用设备制修有限公司,http:////www.11467.com/taian/co/52806.htm
泰安市鑫山矿用设备制修有限公司的商铺,http://taian052806.11467.com
乐清市大石桥防爆电器厂,http:////www.11467.com/wenzhou/co/217607.htm
乐清市大石桥防爆电器厂的商铺,http://wenzhou0217607.11467.com
山西华鑫电气有限公司,http:////www.11467.com/yangquan/co/10924.htm
山西华鑫电气有限公司的商铺,http://yangquan010924.11467.com
扬州市苏高阀门控制有限公司,http:////www.11467.com/yangzhou/co/76828.htm
扬州市苏高阀门控制有限公司的商铺,http://yangzhou076828.11467.com
洛阳中懋环保设备有限公司,http:////www.11467.com/luoyang/co/59878.htm
洛阳中懋环保设备有限公司的商铺,http://luoyang059878.11467.com
宿州市恒顺工贸有限公司,http:////www.11467.com/suzhoushi/co/19415.htm
宿州市恒顺工贸有限公司的商铺,http://suzhoushi019415.11467.com
合肥流明新能源科技有限公司,http:////www.11467.com/hefei/co/88167.htm
合肥流明新能源科技有限公司的商铺,http://hefei088167.11467.com
山东能源机械集团有限公司,http:////www.11467.com/baoding/co/91421.htm
山东能源机械集团有限公司的商铺,http://baoding091421.11467.com
珠海同方爱德科技有限公司,http:////www.11467.com/zhuhai/co/34046.htm
珠海同方爱德科技有限公司的商铺,http://zhuhai034046.11467.com
山东瀚业机械有限公司,http:////www.11467.com/zibo/co/92867.htm
山东瀚业机械有限公司的商铺,http://zibo092867.11467.com
艾驱特流体科技(上海)有限公司,http:////www.11467.com/shanghai/co/1042318.htm
艾驱特流体科技(上海)有限公司的商铺,http://shanghai01042318.11467.com
泰安华纳机电设备有限公司,http:////www.11467.com/taian/co/41749.htm
陕西华润能源设备配套有限公司,http:////www.11467.com/xian/co/95302.htm
郑州广众广众科技发展有限公司,http:////www.11467.com/zhengzhou/co/147999.htm
济宁市金常青机械有限责任公司,http:////www.11467.com/jining/co/73502.htm
济宁市金常青机械有限责任公司的商铺,http://jining073502.11467.com
济宁汇业工矿机械设备有限公司,http:////www.11467.com/jining/co/71118.htm
济宁汇业工矿机械设备有限公司的商铺,http://jining071118.11467.com
鹤壁市博达矿山机械厂,http:////www.11467.com/hebi/co/13892.htm
鹤壁市博达矿山机械厂的商铺,http://hebi013892.11467.com
郑州伟泽机械设备有限公司,http:////www.11467.com/zhengzhou/co/188905.htm
郑州伟泽机械设备有限公司的商铺,http://zhengzhou0188905.11467.com
济宁佳禄工矿设备有限公司,http:////www.11467.com/jining/co/87696.htm
济宁佳禄工矿设备有限公司的商铺,http://jining087696.11467.com
河南中煤机械有限公司,http:////www.11467.com/zhengzhou/co/173096.htm
河南中煤机械有限公司的商铺,http://zhengzhou0173096.11467.com
山东昊洲矿业安全装备有限公司,http:////www.11467.com/taian/co/58976.htm
山东昊洲矿业安全装备有限公司的商铺,http://taian058976.11467.com
镇江市海天化验设备有限公司,http:////www.11467.com/zhenjiang/co/46551.htm
镇江市海天化验设备有限公司的商铺,http://zhenjiang046551.11467.com
湘潭创星电气有限公司,http:////www.11467.com/xiangtan/co/30217.htm
湘潭创星电气有限公司的商铺,http://xiangtan030217.11467.com
盐城吉平通防设备有限公司,http:////www.11467.com/yancheng/co/78069.htm
盐城吉平通防设备有限公司的商铺,http://yancheng078069.11467.com
山东济宁市顺源工矿设备有限公司,http:////www.11467.com/jining/co/71276.htm
山东济宁市顺源工矿设备有限公司的商铺,http://jining071276.11467.com
商丘市梁园区李氏机械厂,http:////www.11467.com/shangqiu/co/15023.htm
商丘市梁园区李氏机械厂的商铺,http://shangqiu015023.11467.com
泰安市宏达机械有限公司,http:////www.11467.com/taian/co/25240.htm
泰安市宏达机械有限公司的商铺,http://taian025240.11467.com
温县明阳机械设备制造厂,http:////www.11467.com/jiaozuo/co/29160.htm
温县明阳机械设备制造厂的商铺,http://jiaozuo029160.11467.com
临沂经济开发区建铁物资经销处,http:////www.11467.com/linyi/co/63380.htm
临沂经济开发区建铁物资经销处的商铺,http://linyi063380.11467.com
蚌埠市微欧电阻厂,http:////www.11467.com/bengbu/co/802.htm
蚌埠市微欧电阻厂的商铺,http://bengbu0802.11467.com
常州真友矿山设备有限公司,http:////www.11467.com/changzhou/co/103444.htm
常州真友矿山设备有限公司的商铺,http://changzhou0103444.11467.com
岳阳众力电磁机械制造有限公司,http:////www.11467.com/yueyang/co/31599.htm
岳阳众力电磁机械制造有限公司的商铺,http://yueyang031599.11467.com
郑州市万启机械设备有限公司,http:////www.11467.com/zhengzhou/co/173349.htm
郑州市万启机械设备有限公司的商铺,http://zhengzhou0173349.11467.com
常州市康泽机械有限公司,http:////www.11467.com/changzhou/co/105218.htm
常州市康泽机械有限公司的商铺,http://changzhou0105218.11467.com
锦州市矿山电讯设备厂,http:////www.11467.com/jinzhou/co/13751.htm
锦州市矿山电讯设备厂的商铺,http://jinzhou013751.11467.com
昆明畅运机械制造有限公司,http:////www.11467.com/kunming/co/106591.htm
昆明畅运机械制造有限公司的商铺,http://kunming0106591.11467.com
烟台泰士塑料制品有限公司,http:////www.11467.com/yantai/co/6492.htm
烟台泰士塑料制品有限公司的商铺,http://yantai06492.11467.com
济宁市佳硕工矿设备有限公司,http:////www.11467.com/jining/co/91619.htm
济宁市佳硕工矿设备有限公司的商铺,http://jining091619.11467.com
八方矿山机械配件厂,http:////www.11467.com/jining/co/94510.htm
八方矿山机械配件厂的商铺,http://jining094510.11467.com
济宁建邦机械厂,http:////www.11467.com/jining/co/86951.htm
济宁建邦机械厂的商铺,http://jining086951.11467.com
东莞市华工金属材料有限公司,http:////www.11467.com/dongguan/co/500734.htm
东莞市华工金属材料有限公司的商铺,http://dongguan0500734.11467.com
鹤山区博达机械厂,http:////www.11467.com/hebi/co/11642.htm
鹤山区博达机械厂的商铺,http://hebi011642.11467.com
河北吉汇橡塑制品有限公司,http:////www.11467.com/hengshui/co/34362.htm
河北吉汇橡塑制品有限公司的商铺,http://hengshui034362.11467.com
安平县丰富丝网厂,http:////www.11467.com/hengshui/co/33702.htm
安平县丰富丝网厂的商铺,http://hengshui033702.11467.com
山东中煤工矿物资集团有限公司机械分公司,http:////www.11467.com/jining/co/72273.htm
山东中煤工矿物资集团有限公司机械分公司的商铺,http://jining072273.11467.com
河北国煤机械制造有限公司,http:////www.11467.com/shijiazhuang/co/178455.htm
河北国煤机械制造有限公司的商铺,http://shijiazhuang0178455.11467.com
巩义市鑫合机械厂,http:////www.11467.com/zhengzhou/co/170863.htm
巩义市鑫合机械厂的商铺,http://zhengzhou0170863.11467.com
汤阴县亿鑫耐磨搪瓷有限公司,http:////www.11467.com/anyang/co/39275.htm
汤阴县亿鑫耐磨搪瓷有限公司的商铺,http://anyang039275.11467.com
陕西瑞达矿用设备有限公司,http:////www.11467.com/xian/co/95952.htm
陕西瑞达矿用设备有限公司的商铺,http://xian095952.11467.com
山西运城矿用防爆风机制造有限公司,http:////www.11467.com/yuncheng/co/26320.htm
山西运城矿用防爆风机制造有限公司的商铺,http://yuncheng026320.11467.com
徐州安恒电子有限公司,http:////www.11467.com/xuzhou/co/54896.htm
徐州安恒电子有限公司的商铺,http://xuzhou054896.11467.com
泰安诺盾矿山设备有限公司,http:////www.11467.com/taian/co/41686.htm
泰安诺盾矿山设备有限公司的商铺,http://taian041686.11467.com
河北中泰泵业有限公司,http:////www.11467.com/baoding/co/63637.htm
河北中泰泵业有限公司的商铺,http://baoding063637.11467.com
西安秦达物资有限公司,http:////www.11467.com/xian/co/95827.htm
西安秦达物资有限公司的商铺,http://xian095827.11467.com
天津市恒鑫盛源钢铁贸易有限公司,http:////www.11467.com/tianjin/co/211630.htm
天津市恒鑫盛源钢铁贸易有限公司的商铺,http://tianjin0211630.11467.com
山东升盈机械设备有限公司,http:////www.11467.com/jinan/co/151475.htm
山东升盈机械设备有限公司的商铺,http://jinan0151475.11467.com
东营润通机电有限公司,http:////www.11467.com/dongying/co/27089.htm
东营润通机电有限公司的商铺,http://dongying027089.11467.com
临沂宏发水泥罐油罐厂,http:////www.11467.com/linyi/co/94369.htm
临沂宏发水泥罐油罐厂的商铺,http://linyi094369.11467.com
泰安奇诺机械有限公司,http:////www.11467.com/taian/co/45491.htm
泰安奇诺机械有限公司的商铺,http://taian045491.11467.com
盐城五环矿山设备有限公司,http:////www.11467.com/yancheng/co/60855.htm
盐城五环矿山设备有限公司的商铺,http://yancheng060855.11467.com
江都飞越煤矿机械有限公司,http:////www.11467.com/yangzhou/co/107078.htm
江都飞越煤矿机械有限公司的商铺,http://yangzhou0107078.11467.com
衡水广兴滤材厂,http:////www.11467.com/hengshui/co/26771.htm
陕西中煤能源装备制造有限公司,http:////www.11467.com/xian/co/95472.htm
陕西华电能源物资供应有限公司,http:////www.11467.com/xian/co/95686.htm
济南德玖盛工况设备有限公司,http:////www.11467.com/jinan/co/153407.htm
济南德玖盛工况设备有限公司的商铺,http://jinan0153407.11467.com
云梦县新宇齿轮箱制造有限公司,http:////www.11467.com/xiaogan/co/18370.htm
云梦县新宇齿轮箱制造有限公司的商铺,http://xiaogan018370.11467.com
佛山市南海烽翔五金筛网经销部,http:////www.11467.com/foshan/co/221038.htm
佛山市南海烽翔五金筛网经销部的商铺,http://foshan0221038.11467.com
聊城信诺锅炉配件有限公司,http:////www.11467.com/liaocheng/co/75520.htm
聊城信诺锅炉配件有限公司的商铺,http://liaocheng075520.11467.com
内蒙古宏义达矿山设备有限责任公司,http:////www.11467.com/qiye/93204898.htm
内蒙古宏义达矿山设备有限责任公司的商铺,http://93204898.b2b.11467.com
厦门汇欣盛机电设备有限责任公司,http:////www.11467.com/xiamen/co/132191.htm
厦门汇欣盛机电设备有限责任公司的商铺,http://xiamen0132191.11467.com
安平县安麦斯金属丝网制品有限公司,http:////www.11467.com/hengshui/co/37361.htm
安平县安麦斯金属丝网制品有限公司的商铺,http://hengshui037361.11467.com
山西康采工业技术有限公司,http:////www.11467.com/taiyuan/co/85336.htm
山西康采工业技术有限公司的商铺,http://taiyuan085336.11467.com
沈丘县佳禾矿山机械厂,http:////www.11467.com/zhoukou/co/24210.htm
沈丘县佳禾矿山机械厂的商铺,http://zhoukou024210.11467.com
江西远顺矿山机械制造有限公司,http:////www.11467.com/yichun/co/23751.htm
荣信电力电子股份有限公司（煤炭事业部）,http:////www.11467.com/anshan/co/75014.htm
赤峰西拉沐沦（集团）公格营子煤业有限公司,http:////www.11467.com/chifeng/co/24327.htm
安徽滁洲市申筠机电设备经营中心,http:////www.11467.com/chuzhou/co/22579.htm
金刚贸易公司,http:////www.11467.com/dandong/co/48740.htm
山西省同煤集团,http:////www.11467.com/datong/co/16150.htm
江西民生集团,http:////www.11467.com/fangchenggang/co/6907.htm
河南省鹤壁市精密煤质仪器有限责任公司,http:////www.11467.com/hebi/co/9236.htm
鹤壁市鑫安机械制造有限公司,http:////www.11467.com/hebi/co/8730.htm
河池天峨购矿部,http:////www.11467.com/hechi/co/11779.htm
封宇（个体经营）,http:////www.11467.com/hegang/co/10458.htm
高宏[个体],http:////www.11467.com/taiyuan/co/105958.htm
海湖矿灯有限公司太原总代理,http:////www.11467.com/taiyuan/co/106232.htm
兴隆工贸有限公司,http:////www.11467.com/taiyuan/co/106547.htm
太原铭星科技有限公司,http:////www.11467.com/taiyuan/co/105877.htm
山西兴贵煤机销售有限公司,http:////www.11467.com/taiyuan/co/106179.htm
通化金祥实业有限公司,http:////www.11467.com/tonghua/co/32143.htm
西安创安环保科技有限责任公司,http:////www.11467.com/xian/co/95592.htm
胡莉明(个体经营),http:////www.11467.com/huaihua/co/20092.htm
淮南鑫煤机械有限公司,http:////www.11467.com/huainan/co/16988.htm
焦作市惠尔电力检修有限公司,http:////www.11467.com/jiaozuo/co/23007.htm
山西省晋城无烟煤集团,http:////www.11467.com/jincheng/co/18435.htm
晋城市丰海机电成套设备有限公司,http:////www.11467.com/jincheng/co/18511.htm
杨城物资有限公司,http:////www.11467.com/jingmen/co/15601.htm
鸡西市金旺机械配件厂,http:////www.11467.com/jixi/co/17817.htm
鸡西东煤配件厂,http:////www.11467.com/jixi/co/18694.htm
山东省莱芜市友材矿山配件设备厂,http:////www.11467.com/laiwu/co/9710.htm
山东莱芜煤矿机械设备有限公司（钢铁）,http:////www.11467.com/laiwu/co/9652.htm
聊城华能煤炭有限公司,http:////www.11467.com/liaocheng/co/38888.htm
辽源煤机厂,http:////www.11467.com/liaoyuan/co/8813.htm
湖南省娄底市博盛科技有限公司,http:////www.11467.com/loudi/co/18744.htm
南京弘毅电气自动化有限公司,http:////www.11467.com/nanjing/co/20699.htm
长城煤炭有限责任公司,http:////www.11467.com/qitaihe/co/4605.htm
山西朔州摩根矿山支护材料制造有限公司,http:////www.11467.com/shuozhou/co/8238.htm
朔州市石磊电力物资销售有限公司,http:////www.11467.com/shuozhou/co/8669.htm
山西宝盛能源公司,http:////www.11467.com/taiyuan/co/106214.htm
山西慧达感测有限公司,http:////www.11467.com/taiyuan/co/106000.htm
北京康拓科技有限公司,http:////www.11467.com/beijing/co/704594.htm
徐州旗昇电气科技有限公司,http:////www.11467.com/xuzhou/co/63635.htm
陕西有色榆林煤业有限公司,http:////www.11467.com/yulinshi/co/20088.htm
徐跃福（个体经营）,http:////www.11467.com/yunfu/co/26676.htm
山东金汇集团有限公司,http:////www.11467.com/linyi/co/72095.htm
保定市宏达煤机配件厂,http:////www.11467.com/baoding/co/80599.htm
沧州明程机电配件厂,http:////www.11467.com/cangzhou/co/62108.htm
长春市金达机械设备有限公司,http:////www.11467.com/changchun/co/96941.htm
湖南康通电子科技有限公司,http:////www.11467.com/changsha/co/120004.htm
天地（常州）自动化股份有限公司,http:////www.11467.com/changsha/co/83562.htm
常州中矿机械制造有限公司,http:////www.11467.com/changzhou/co/128975.htm
成都地奥矿业能源有限公司,http:////www.11467.com/chengdu/co/141451.htm
滁州市科林机械制造厂,http:////www.11467.com/chuzhou/co/21358.htm
大连海顺重工环保设备有限公司,http:////www.11467.com/dalian/co/35779.htm
大连地拓重工有限公司,http:////www.11467.com/dalian/co/73738.htm
同煤实业太阳光煤机配件有限责任公司,http:////www.11467.com/datong/co/20663.htm
山东省宁津县阳光网带输送机械厂,http:////www.11467.com/dezhou/co/50899.htm
东莞市长安维骏机电设备经营部,http:////www.11467.com/dongguan/co/133014.htm
深圳市沃尔奔达新能源股份有限公司,http:////www.11467.com/dongguan/co/131939.htm
福州市机械电控配套厂,http:////www.11467.com/fuzhou/co/181791.htm
邯郸市峰峰盛大煤炭洗选有限公司,http:////www.11467.com/handan/co/68497.htm
邯郸市峰峰太安瑞武水泥制品经销部,http:////www.11467.com/handan/co/68495.htm
河北煤矿飞翔有限公司,http:////www.11467.com/handan/co/68498.htm
杭州联科自动化设备有限公司,http:////www.11467.com/hangzhou/co/184929.htm
鹤壁市鸿瑞电子有限公司,http:////www.11467.com/hebi/co/8836.htm
鹤壁市双信矿山设备有限公司,http:////www.11467.com/hebi/co/11725.htm
安平县衡龙筛网有限公司,http:////www.11467.com/hengshui/co/35945.htm
河北连旺橡塑金属制品销售公司,http:////www.11467.com/hengshui/co/36441.htm
河北安平顺祥矿筛网厂,http:////www.11467.com/hengshui/co/36225.htm
安平县全壮五金丝网制品有限公司,http:////www.11467.com/hengshui/co/35944.htm
河北安平县华钢特种丝网机械制造厂,http:////www.11467.com/hengshui/co/37026.htm
博明金属丝网制品有限公司,http:////www.11467.com/hengshui/co/34980.htm
内蒙古观景模型技术有限公司,http:////www.11467.com/huhehaote/co/33843.htm
济南恒盛工贸有限公司,http:////www.11467.com/jinan/co/135495.htm
国电长源荆州热电有限公司,http:////www.11467.com/jingzhou/co/27165.htm
济宁中煤中贸钢材分公司,http:////www.11467.com/jining/co/73501.htm
济宁中煤工矿机械厂总销售公司,http:////www.11467.com/jining/co/72874.htm
济宁市煤矿设备工具公司,http:////www.11467.com/jining/co/73119.htm
昆明康鑫矿山设备分公司,http:////www.11467.com/kunming/co/127331.htm
沈阳金龟减速机厂有限公司,http:////www.11467.com/shenyang/co/98107.htm
河北隆泰机械制造有限公司,http:////www.11467.com/shijiazhuang/co/139356.htm
中国科学院武汉岩土力学研究所,http:////www.11467.com/wuhan/co/69660.htm
陕西富源自控设备有限公司,http:////www.11467.com/xian/co/121957.htm
西安博深煤矿安全科技有限公司,http:////www.11467.com/xian/co/123479.htm
陕西金福科技有限责任公司,http:////www.11467.com/xian/co/48174.htm
严东（个体经营）,http:////www.11467.com/xining/co/27677.htm
韩勇个体经营,http:////www.11467.com/yibin/co/24977.htm
杨勇(个体经营)1,http:////www.11467.com/yongzhou/co/17460.htm
枣庄市福林贸易有限责任公司,http:////www.11467.com/zaozhuang/co/30715.htm
株洲舜臣洗煤机械厂,http:////www.11467.com/zhuzhou/co/37424.htm
淄博天科制冷空调有限公司,http:////www.11467.com/zibo/co/11582.htm
北京中能颐正科技有限公司,http:////www.11467.com/beijing/co/705877.htm
沃德(天津)传动有限公司,http:////www.11467.com/tianjin/co/200827.htm
山东中盾电气设备有限公司,http:////www.11467.com/jinan/co/151474.htm
山东中煤工矿设备厂,http:////www.11467.com/jining/co/72872.htm
济宁市工矿配件加工厂,http:////www.11467.com/jining/co/73120.htm
山东恒旺工矿设备制造有限公司,http:////www.11467.com/jining/co/72271.htm
山东中煤提升设备公司,http:////www.11467.com/jining/co/72612.htm
卓信机械加工有限公司,http:////www.11467.com/jining/co/73341.htm
济宁市机械设备厂,http:////www.11467.com/jining/co/73117.htm
济宁卓信煤矿设备工具有限公司,http:////www.11467.com/jining/co/73122.htm
济宁卓信有限公司,http:////www.11467.com/jining/co/73339.htm
榆次开发区锋特行液压有限公司,http:////www.11467.com/jinzhong/co/27617.htm
河南国安电气有限公司,http:////www.11467.com/kaifeng/co/14809.htm
昆明应全商贸有限公司(博莱特空压机总代理),http:////www.11467.com/kunming/co/127854.htm
临汾市捷瑞煤机设备有限公司,http:////www.11467.com/linfen/co/16590.htm
洛阳远见矿山设备销售一部,http:////www.11467.com/luoyang/co/60493.htm
马鞍山市新发物贸有限责任公司,http:////www.11467.com/maanshan/co/11704.htm
南京仟力高低压油管有限公司,http:////www.11467.com/nanjing/co/155775.htm
中平能化集团天成瓦斯抽采技术公司,http:////www.11467.com/pingdingshan/co/23685.htm
河南中石空气炮有限公司,http:////www.11467.com/puyang/co/24315.htm
徐州君豪机械设备有限公司,http:////www.11467.com/qingyang/co/11663.htm
泉州双环能源贸易发展有限公司,http:////www.11467.com/quanzhou/co/131992.htm
沈阳市金龟减速机厂,http:////www.11467.com/shenyang/co/97962.htm
江苏和光天地科技有限公司,http:////www.11467.com/suzhou/co/307416.htm
山东煤田地质机械厂,http:////www.11467.com/taian/co/8860.htm
山东中天泰和实业有限公司,http:////www.11467.com/taian/co/53102.htm
山东安信机械制造有限公司,http:////www.11467.com/taian/co/53103.htm
山东同润压滤机有限公司,http:////www.11467.com/taian/co/53440.htm
山东塔高矿业机械装备制造有限公司,http:////www.11467.com/taian/co/53101.htm
山西天安达科技有限公司,http:////www.11467.com/taiyuan/co/119312.htm
江苏省泰兴市泰特减速机械公司,http:////www.11467.com/taizhoushi/co/49889.htm
唐山哈维机械设备有限公司,http:////www.11467.com/tangshan/co/75688.htm
唐山开实机电设备有限公司,http:////www.11467.com/tangshan/co/53482.htm
浙江新宏基真空电器有限公司,http:////www.11467.com/wenzhou/co/217608.htm
上海亚烁防爆灯具有限公司销售部,http:////www.11467.com/wenzhou/co/221749.htm
浙江罗托克执行器有限公司,http:////www.11467.com/wenzhou/co/223205.htm
江阴市华普瑞机械有限公司,http:////www.11467.com/wuxi/co/246017.htm
李定平(个体经营),http:////www.11467.com/xiangtan/co/25008.htm
徐州中安机械制造有限公司,http:////www.11467.com/xuzhou/co/81072.htm
江苏隆德矿业工程有限公司,http:////www.11467.com/xuzhou/co/63479.htm
徐州威博工贸有限公司,http:////www.11467.com/xuzhou/co/55982.htm
扬州苏中电力设备有限公司,http:////www.11467.com/yangzhou/co/107201.htm
滕州市宝丰矿山机械有限公司,http:////www.11467.com/zaozhuang/co/36882.htm
枣庄恒发矿用机电设备有限公司,http:////www.11467.com/zaozhuang/co/37033.htm
滕州市信赢矿山机械制造有限公司,http:////www.11467.com/zaozhuang/co/37141.htm
中国船舶重工集团公司第七一三研究所,http:////www.11467.com/zhengzhou/co/24341.htm
山东中科纳米管材有限公司,http:////www.11467.com/zibo/co/89005.htm
淄博瑞安特自控设备有限公司,http:////www.11467.com/zibo/co/99078.htm
北京宝亮网智电子信息技术有限公司,http:////www.11467.com/beijing/co/438940.htm
北京龙湖恒远科技有限公司,http:////www.11467.com/beijing/co/710330.htm
北京正丰创业阀门有限公司,http:////www.11467.com/beijing/co/694891.htm
上海增値税上海代理有限公司,http:////www.11467.com/shanghai/co/1055804.htm
上海跃澜实业公司,http:////www.11467.com/shanghai/co/1042317.htm
陕西中环能源工程建设有限公司,http:////www.11467.com/xian/co/96000.htm
山东工矿有限公司,http:////www.11467.com/jining/co/56597.htm
上海权湾投资咨询管理有限公司,http:////www.11467.com/shanghai/co/747880.htm
内蒙古呼和浩特昌顺矿业有限责任公司,http:////www.11467.com/huhehaote/co/29730.htm
洛阳矿山机械设备有限公司,http:////www.11467.com/luoyang/co/54416.htm
河北隆佳筛网制品有限公司,http:////www.11467.com/hengshui/co/33449.htm
徐州华强电器制造有限公司,http:////www.11467.com/xuzhou/co/80524.htm
重庆特康商贸有限公司,http:////www.11467.com/qiye/183420.htm
中信重机洛阳实业有限公司,http:////www.11467.com/luoyang/co/59731.htm
上海盛灏自动化科技有限公司,http:////www.11467.com/shanghai/co/1045885.htm
徐州双赢矿山设备有限公司,http:////www.11467.com/xuzhou/co/81074.htm
安徽省电工设备有限公司,http:////www.11467.com/anqing/co/35156.htm
金河豫鑫塑料制品厂,http:////www.11467.com/anyang/co/36754.htm
安阳兴水机械制造有限公司,http:////www.11467.com/anyang/co/36082.htm
安阳市鑫达自控科技有限公司市场部,http:////www.11467.com/anyang/co/28323.htm
林州市姚村铁路道岔厂,http:////www.11467.com/anyang/co/36410.htm
林州市宏润工矿配件有限责任公司,http:////www.11467.com/anyang/co/35887.htm
汤阴县工程塑化有限公司,http:////www.11467.com/anyang/co/36588.htm
林州市姚村镇西牛道岔制造厂,http:////www.11467.com/anyang/co/36409.htm
林州凤宝管业有限公司(安钢集团),http:////www.11467.com/anyang/co/36247.htm
安阳矿山机械厂,http:////www.11467.com/anyang/co/36248.htm
河北保定华月胶带有限公司,http:////www.11467.com/baoding/co/81005.htm
河北省保定市宏达煤机配件厂,http:////www.11467.com/baoding/co/80356.htm
保定市宏达综采煤机配件厂,http:////www.11467.com/baoding/co/81006.htm
包头市鸿煜铁精粉有限责任公司,http:////www.11467.com/baotou/co/31331.htm
包头市东河区祥盛网业有限公司,http:////www.11467.com/baotou/co/31259.htm
包头市高新矿山机械设备有限公司,http:////www.11467.com/baotou/co/24598.htm
蚌埠市诚信锅炉制造有限公司,http:////www.11467.com/bengbu/co/26036.htm
蚌埠市新达特种气体压缩机制造有限公司,http:////www.11467.com/bengbu/co/25924.htm
中油固控设备有限公司,http:////www.11467.com/cangzhou/co/38464.htm
沧州利达机电设备有限公司,http:////www.11467.com/cangzhou/co/62280.htm
长春市北驰机电有限公司,http:////www.11467.com/changchun/co/96876.htm
长春市万向欣经贸有限公司,http:////www.11467.com/changchun/co/52037.htm
长春市铁北监狱型煤厂,http:////www.11467.com/changchun/co/83112.htm
长沙雄泰机电科技有限公司,http:////www.11467.com/changsha/co/59454.htm
邵阳维克液压有限责任公司(业务部),http:////www.11467.com/changsha/co/70104.htm
常州市泰山机电制造有限公司,http:////www.11467.com/changzhou/co/91446.htm
常州市冠翔机电设备有限公司轴承销售公司,http:////www.11467.com/changzhou/co/149881.htm
常州市秦南液压油缸厂,http:////www.11467.com/changzhou/co/32504.htm
常州华海智能设备开发有限公司,http:////www.11467.com/changzhou/co/115885.htm
常州曦凡电站辅机有限公司,http:////www.11467.com/changzhou/co/89180.htm
常州市远扬钢管有限公司销售部,http:////www.11467.com/changzhou/co/88057.htm
江苏常州靖宇减速机厂,http:////www.11467.com/changzhou/co/106735.htm
成都新盛电器有限责任公司,http:////www.11467.com/chengdu/co/215169.htm
成都市港湾煤矿设备工贸有限公司,http:////www.11467.com/chengdu/co/215682.htm
湖南郴州市弘基矿山装备公司,http:////www.11467.com/chenzhou/co/21233.htm
喀喇沁旗跃工煤炭物资有限公司,http:////www.11467.com/chifeng/co/22831.htm
大连龙邦国际贸易有限公司,http:////www.11467.com/dalian/co/48364.htm
大连市荣旭达商贸有限公司,http:////www.11467.com/dalian/co/59690.htm
成都佳灵电气制造有限公司(大同办事处),http:////www.11467.com/datong/co/20678.htm
东莞市特利丰无纺布公司,http:////www.11467.com/dongguan/co/506691.htm
佛山市昊天轴承机电商行,http:////www.11467.com/foshan/co/304973.htm
阜新市高科防爆电器有限责任公司,http:////www.11467.com/fuxin/co/13795.htm
福建吉品投资有限公司,http:////www.11467.com/fuzhou/co/167875.htm
河北阳光胶带有限公司,http:////www.11467.com/ganzhou/co/26946.htm
广州冠图电子科技有限公司,http:////www.11467.com/guangzhou/co/457816.htm
极鼎陶瓷原料有限公司,http:////www.11467.com/guangzhou/co/428108.htm
贵州晓江科技有限公司,http:////www.11467.com/guiyang/co/83076.htm
邯郸市双优矿山机械有限公司,http:////www.11467.com/handan/co/68961.htm
截齿厂家邯郸金佰达矿山机械有限公司,http:////www.11467.com/handan/co/68963.htm
河北神风重型机械有限公司液压分公司,http:////www.11467.com/handan/co/54790.htm
邯郸市开山矿业机械配件有限公司,http:////www.11467.com/handan/co/68962.htm
河北瑶光科技有限公司,http:////www.11467.com/handan/co/68787.htm
邯郸市峰峰矿区新坡镇天峰洗煤厂,http:////www.11467.com/handan/co/68496.htm
峰峰矿区天同通运设备有限责任公司,http:////www.11467.com/handan/co/54757.htm
中国船舶重工集团第718研究所测控工程部,http:////www.11467.com/handan/co/69284.htm
永年县红鑫矿用支护紧固件厂,http:////www.11467.com/handan/co/69224.htm
鹤壁振动机械(鹤壁市信邦通用机械有限公司,http:////www.11467.com/hebi/co/11777.htm
河南兴企机电设备贸易有限公司,http:////www.11467.com/hebi/co/11604.htm
鹤壁金飞龙电子科技有限公司,http:////www.11467.com/hebi/co/11724.htm
鹤壁市博达机械厂,http:////www.11467.com/hebi/co/11756.htm
鹤壁市万方装备安装有限公司,http:////www.11467.com/hebi/co/11789.htm
河北省景县华宇橡塑化工铸造有限公司,http:////www.11467.com/hengshui/co/36843.htm
河北防腐设备铸造总厂,http:////www.11467.com/hengshui/co/35693.htm
安平矿筛厂 除沫器厂,http:////www.11467.com/hengshui/co/36656.htm
安平联谊矿筛网厂,http:////www.11467.com/hengshui/co/35692.htm
河北省安平县隆盛丝网厂,http:////www.11467.com/hengshui/co/37023.htm
安平县东河丝网厂,http:////www.11467.com/hengshui/co/19365.htm
冀州市洁源净化设备有限公司,http:////www.11467.com/hengshui/co/31017.htm
河北众鑫管业有限公司,http:////www.11467.com/hengshui/co/36844.htm
安平工业制网有限公司,http:////www.11467.com/hengshui/co/36657.htm
淮安华鼎机械制造有限公司,http:////www.11467.com/huaian/co/34809.htm
安徽康迪纳电力科技有限责任公司,http:////www.11467.com/huaibei/co/17887.htm
焦作市国成机械制造有限公司,http:////www.11467.com/jiaozuo/co/26665.htm
焦作市日安矿用设备制造有限公司,http:////www.11467.com/jiaozuo/co/27027.htm
山东嘉宏科技有限公司,http:////www.11467.com/jinan/co/136184.htm
山东瑞道物资有限公司,http:////www.11467.com/jinan/co/113619.htm
新乡市天成过滤设备有限公司.销售部,http:////www.11467.com/jincheng/co/17195.htm
恒旺工矿机械厂,http:////www.11467.com/jining/co/71861.htm
(山东)济宁嘉仕达矿业设备有限公司,http:////www.11467.com/jining/co/72866.htm
济宁市兴煤矿山设备有限公司商务销售部门,http:////www.11467.com/jining/co/73118.htm
兖州中煤张煤机配件有限公司,http:////www.11467.com/jining/co/71859.htm
济宁中煤工矿设备有限公司,http:////www.11467.com/jining/co/73127.htm
山东中煤绞车制造机械厂,http:////www.11467.com/jining/co/72610.htm
兖州市泰达缓冲床机械厂,http:////www.11467.com/jining/co/73664.htm
济宁市远科工矿设备有限公司,http:////www.11467.com/jining/co/72875.htm
济宁旭光机械有限公司,http:////www.11467.com/jining/co/49386.htm
速华防爆电器有限公司济宁分公司,http:////www.11467.com/jining/co/71863.htm
山东中煤工矿物资有限公司矿用机械厂,http:////www.11467.com/jining/co/73116.htm
山东中煤工矿凿岩电器机械厂,http:////www.11467.com/jining/co/72868.htm
山东矿山设备有限责任公司,http:////www.11467.com/jining/co/72609.htm
济宁市矿山机械设备有限公司,http:////www.11467.com/jining/co/72280.htm
济宁陆屹工矿机械有限公司李贵丽,http:////www.11467.com/jining/co/72869.htm
济宁陆屹设备有限公司,http:////www.11467.com/jining/co/72276.htm
兖矿集团机电设备制造厂,http:////www.11467.com/jining/co/73124.htm
济宁市诚和设备机械厂,http:////www.11467.com/jining/co/74261.htm
山东济宁中煤工矿公司,http:////www.11467.com/jining/co/73338.htm
山东省济宁市中煤机械厂二厂,http:////www.11467.com/jining/co/72277.htm
济宁恒旺工矿凿岩机械厂,http:////www.11467.com/jining/co/72274.htm
兖州众邦科技有限公司,http:////www.11467.com/jining/co/72278.htm
兖州益德机电设备有限公司,http:////www.11467.com/jining/co/73337.htm
山东中煤工矿物资有限公司机电分部,http:////www.11467.com/jining/co/74337.htm
山东欧科防爆设备有限公司,http:////www.11467.com/jining/co/72867.htm
山东中煤坑道钻机有限公司,http:////www.11467.com/jining/co/72279.htm
邹城市嘉和工贸有限公司,http:////www.11467.com/jining/co/72270.htm
邹城市洪特矿山机电设备制造有限公司,http:////www.11467.com/jining/co/71862.htm
济宁汇业工矿设备有限公司,http:////www.11467.com/jining/co/72608.htm
山东省济宁市华工机电设备有限公司,http:////www.11467.com/jining/co/72613.htm
济宁市卓信机械设备制造有限公司,http:////www.11467.com/jining/co/73668.htm
济宁恒旺工矿机械设备制造有限责任公司,http:////www.11467.com/jining/co/71860.htm
山东中煤矿用设备有限公司,http:////www.11467.com/jining/co/74394.htm
灵石县灵源工矿物资有限公司,http:////www.11467.com/jinzhong/co/26967.htm
山西省第三轴承厂,http:////www.11467.com/jinzhong/co/27631.htm
琦云采煤机配件制造有限公司,http:////www.11467.com/jixi/co/21883.htm
靖江市万山管道制造有限公司,http:////www.11467.com/kunming/co/127602.htm
昆明市官渡区财君五金机电经营部,http:////www.11467.com/kunming/co/97999.htm
云南怡泰矿业开发有限公司,http:////www.11467.com/kunming/co/118229.htm
鲁中冶金矿业集团公司管缝式锚杆厂,http:////www.11467.com/laiwu/co/14672.htm
兰州北特环保节能科技有限公司,http:////www.11467.com/lanzhou/co/32390.htm
鼎盛钎具有限公司,http:////www.11467.com/liaocheng/co/49785.htm
山东聊城宇中电力设备有限公司。,http:////www.11467.com/liaocheng/co/49950.htm
豪特凿岩钎具有限公司,http:////www.11467.com/liaocheng/co/49784.htm
山东聊城宇中电力设备有限公司,http:////www.11467.com/liaocheng/co/50397.htm
阳谷华盛钎具有限公司,http:////www.11467.com/liaocheng/co/49951.htm
山东聊城天工工具有限公司销售部,http:////www.11467.com/liaocheng/co/29224.htm
山东聊城阳谷矿山机械厂,http:////www.11467.com/liaocheng/co/50111.htm
辽源市恒旭照明有限责任公司,http:////www.11467.com/liaoyuan/co/9302.htm
山东金隆矿山机械有限公司,http:////www.11467.com/linyi/co/95249.htm
龙岩瑞丰设备有限公司,http:////www.11467.com/longyan/co/27152.htm
洛阳地能集团有限公司,http:////www.11467.com/luoyang/co/60207.htm
洛阳高迈机电设备公司,http:////www.11467.com/luoyang/co/60018.htm
偃师市荣泰金属制品有限公司,http:////www.11467.com/luoyang/co/60610.htm
洛阳中重机械股份实业公司,http:////www.11467.com/luoyang/co/47692.htm
广东茂名市二级粉煤灰销售有限公司,http:////www.11467.com/maoming/co/32071.htm
南昌汉峰节能服务有限公司（销售部）,http:////www.11467.com/nanchang/co/82180.htm
江苏泰隆减速机股份有限公司浙江办事处,http:////www.11467.com/nanjing/co/49619.htm
南京志世科技有限公司,http:////www.11467.com/nanjing/co/49783.htm
江苏南通耐磨材料有限公司,http:////www.11467.com/nantong/co/106533.htm
南阳高新区天鹤新型环保建材厂,http:////www.11467.com/nanyang/co/33305.htm
宁波宏良物资(煤炭）有限公司,http:////www.11467.com/ningbo/co/142843.htm
河南德美空气炮有限公司,http:////www.11467.com/puyang/co/19042.htm
河南省鑫兴设备防护有限公司濮阳工程分公司,http:////www.11467.com/puyang/co/19091.htm
青岛华盾生命保障救援设备科技股份有限公司,http:////www.11467.com/qingdao/co/155296.htm
秦皇岛金佳絮凝剂有限公司商务部,http:////www.11467.com/qinhuangdao/co/33125.htm
秦皇岛泰能机械设备有限公司,http:////www.11467.com/qinhuangdao/co/45998.htm
七台河东方矿山设备厂,http:////www.11467.com/qitaihe/co/4099.htm
辽宁沈阳金北通矿山设备有限公司,http:////www.11467.com/shenyang/co/98106.htm
沈阳华天重型机械有限公司,http:////www.11467.com/shenyang/co/98245.htm
深圳市倍动力科技有限公司,http:////www.11467.com/shenzhen/co/771581.htm
深圳市佳安机电有限公司,http:////www.11467.com/shenzhen/co/787722.htm
中国深圳对外贸易（集团）有限公司,http:////www.11467.com/shenzhen/co/372584.htm
石家庄创能煤矿机械制造有限公司,http:////www.11467.com/shijiazhuang/co/145061.htm
石家庄华沃电子科技有限公司,http:////www.11467.com/shijiazhuang/co/139882.htm
石家庄菲克森煤矿机械有限公司,http:////www.11467.com/shijiazhuang/co/141698.htm
石家庄市矿区星材物贸公司,http:////www.11467.com/shijiazhuang/co/76986.htm
石家庄双信板业有限公司,http:////www.11467.com/shijiazhuang/co/139355.htm
山东振宇重工起重机械有限公司,http:////www.11467.com/shizuishan/co/10853.htm
昆山昆阁林五金包材有限公司,http:////www.11467.com/suzhou/co/319300.htm
苏州市开拓水处理设备经营部管理部,http:////www.11467.com/suzhou/co/244730.htm
安徽新园矿山设备制造有限责任公司销售部,http:////www.11467.com/suzhoushi/co/18783.htm
山东新煤机械有限公司,http:////www.11467.com/taian/co/41624.htm
泰安市通力电车线有限公司,http:////www.11467.com/taian/co/53017.htm
泰安市九方矿山设备有限公司,http:////www.11467.com/taian/co/36481.htm
山东能源机械集团公司,http:////www.11467.com/taian/co/53016.htm
山东泰安瑞捷机电设备有限公司,http:////www.11467.com/taian/co/53476.htm
泰安市鼎鑫矿用支护交通有限公司,http:////www.11467.com/taian/co/53393.htm
泰安市宏达机械有限公司销售部,http:////www.11467.com/taian/co/37412.htm
新泰万通矿车制造有限公司,http:////www.11467.com/taian/co/53242.htm
山东斯福特实业有限公司,http:////www.11467.com/taian/co/52920.htm
山西环界金鑫石油机械制造有限责任公司,http:////www.11467.com/taiyuan/co/96528.htm
山西四通煤机配件锻造有限公司,http:////www.11467.com/taiyuan/co/97870.htm
山西凯瑞亨机械设备有限公司,http:////www.11467.com/taiyuan/co/125393.htm
山西慧达感测技术有限公司,http:////www.11467.com/taiyuan/co/96168.htm
山西启航矿山机电设备有限公司,http:////www.11467.com/taiyuan/co/124406.htm
中航工业太原太航电子科技有限公司,http:////www.11467.com/taiyuan/co/91382.htm
山西三恒自动化设备有限公司,http:////www.11467.com/taiyuan/co/96002.htm
太原市华能达科技有限公司,http:////www.11467.com/taiyuan/co/125254.htm
山西文矿科技有限公司(矿用甲烷报警仪),http:////www.11467.com/taiyuan/co/125211.htm
江苏蓝枫实业有限公司,http:////www.11467.com/taizhoushi/co/30302.htm
靖江奇达钢格板制造公司,http:////www.11467.com/taizhoushi/co/49763.htm
江苏泰民机电设备工程有限公司,http:////www.11467.com/taizhoushi/co/46495.htm
泰州市巨人工索具有限公司,http:////www.11467.com/taizhoushi/co/31385.htm
江苏鸿旭吊索具有限公司,http:////www.11467.com/taizhoushi/co/49914.htm
泰州市海陵区富强电器厂,http:////www.11467.com/taizhoushi/co/34832.htm
唐山松港科技有限公司,http:////www.11467.com/tangshan/co/71605.htm
唐山重信矿用设备技术服务中心,http:////www.11467.com/tangshan/co/56487.htm
唐山市鸿腾机械制造有限公司,http:////www.11467.com/tangshan/co/76004.htm
铜陵捷佳贸易有限公司,http:////www.11467.com/tongling/co/11439.htm
山东矿机集团股份有限公司圆环链厂,http:////www.11467.com/weifang/co/119379.htm
潍坊诺华电子设备有限公司,http:////www.11467.com/weifang/co/92960.htm
温州中能矿业有限公司,http:////www.11467.com/wenzhou/co/169159.htm
湖北国安煤矿机械制造有限公司,http:////www.11467.com/wuhan/co/144572.htm
武汉安矿科技有限公司,http:////www.11467.com/wuhan/co/142135.htm
武汉爱科诺莫斯密封技术有限公司,http:////www.11467.com/wuhan/co/52004.htm
武汉卧龙电机有限公司(营销部),http:////www.11467.com/wuhan/co/53830.htm
乌鲁木齐顺达安商贸有限公司,http:////www.11467.com/wulumuqi/co/92306.htm
沈阳北方交通重型机械集团,http:////www.11467.com/wulumuqi/co/92603.htm
北京天德高科技集团有限公司,http:////www.11467.com/wulumuqi/co/97999.htm
无锡市富澜商贸有限公司,http:////www.11467.com/wuxi/co/189150.htm
无锡市俊甫传动机械有限公司,http:////www.11467.com/wuxi/co/173218.htm
无锡鑫泰燃料科技有限公司,http:////www.11467.com/wuxi/co/152454.htm
珀挺机械工业厦门有限公司（销售部）,http:////www.11467.com/xiamen/co/25844.htm
厦门迈丰贸易有限公司,http:////www.11467.com/xiamen/co/53654.htm
刘正林（个体经营）,http:////www.11467.com/xian/co/48352.htm
陕西格兰浮实业有限公司,http:////www.11467.com/xian/co/81447.htm
陕西厚德恒通贸易有限公司,http:////www.11467.com/xian/co/95428.htm
西安电子科大赛福电子技术公司,http:////www.11467.com/xian/co/63590.htm
陕西泰宁机电设备有限公司,http:////www.11467.com/xian/co/122703.htm
陕西维德科技股份有限公司市场部,http:////www.11467.com/xian/co/64576.htm
西安凯业软件系统工程有限公司矿灯事业部,http:////www.11467.com/xian/co/95267.htm
西安瑞泰电气有限公司,http:////www.11467.com/xian/co/62812.htm
西安海建电子科技有限公司,http:////www.11467.com/xian/co/68684.htm
康采工业技术(西安)有限公司,http:////www.11467.com/xian/co/94808.htm
杭州达特利电器有限公司西北办事处,http:////www.11467.com/xian/co/123481.htm
西安博锐钻采机具有限公司,http:////www.11467.com/xian/co/50619.htm
西安中虹智能科技有限公司市场部,http:////www.11467.com/xian/co/88588.htm
西安煤矿机电厂有限公司,http:////www.11467.com/xian/co/64054.htm
西安中沃测控技术有限公司营销事业部,http:////www.11467.com/xian/co/62953.htm
西安兰装能源科技有限公司,http:////www.11467.com/xian/co/46788.htm
西安华信科技发展有限责任公司,http:////www.11467.com/xian/co/123477.htm
西安明讯电子信息技术有限公司,http:////www.11467.com/xian/co/48441.htm
西安康瑞矿用设备有限公司,http:////www.11467.com/xian/co/94946.htm
西安赛博电气有限责任公司东北办事处,http:////www.11467.com/xian/co/123815.htm
湘潭湘野马电气有限公司长沙办事处,http:////www.11467.com/xiangtan/co/24850.htm
湘潭平安电气有限公司营销中心,http:////www.11467.com/xiangtan/co/24508.htm
新河县冀异尼龙制品厂,http:////www.11467.com/xintai/co/49855.htm
河北巨鹿泰克密封科技有限公司,http:////www.11467.com/xintai/co/50497.htm
新乡市利菲尔特滤器有限公司市场部,http:////www.11467.com/xinxiang/co/19678.htm
河南省新乡市中重冶矿机械有限公司,http:////www.11467.com/xinxiang/co/23011.htm
新乡市北电电机有限公司,http:////www.11467.com/xinxiang/co/19851.htm
新乡市宏达振动设备有限责任公司（销售部）,http:////www.11467.com/xinxiang/co/19927.htm
长葛市利通煤气发生炉制造厂,http:////www.11467.com/xuchang/co/22982.htm
上海康联轴承有限公司徐州分公司,http:////www.11467.com/xuzhou/co/57115.htm
徐州昊泰矿业科技有限公司,http:////www.11467.com/xuzhou/co/81994.htm
徐州市矿山设备有限公司,http:////www.11467.com/xuzhou/co/55927.htm
徐州中矿永宏科技有限公司,http:////www.11467.com/xuzhou/co/81073.htm
徐州超拓机电技术有限公司,http:////www.11467.com/xuzhou/co/80943.htm
江苏鼎甲科技有限公司商务部,http:////www.11467.com/xuzhou/co/55859.htm
徐州兴隆矿山机械有限公司,http:////www.11467.com/xuzhou/co/63426.htm
徐州市华科电气有限公司,http:////www.11467.com/xuzhou/co/81321.htm
徐州市华科电气有限公司,http:////www.11467.com/xuzhou/co/81321.htm
徐州赛博科技有限公司销售部,http:////www.11467.com/xuzhou/co/63566.htm
徐州市淮海节能机械厂,http:////www.11467.com/xuzhou/co/35441.htm
江苏道森机电科技有限公司,http:////www.11467.com/xuzhou/co/81412.htm
徐州新业商贸有限公司,http:////www.11467.com/xuzhou/co/63450.htm
鑫泽矿山设备制造有限公司,http:////www.11467.com/xuzhou/co/81606.htm
徐州赛博科技有限公司营销部,http:////www.11467.com/xuzhou/co/51281.htm
徐州艾力普输送设备有限公司,http:////www.11467.com/xuzhou/co/55232.htm
炫祺建材有限公司,http:////www.11467.com/xuzhou/co/51562.htm
徐州瑞翼环保科技有限公司,http:////www.11467.com/xuzhou/co/51227.htm
徐州托达科技有限公司,http:////www.11467.com/xuzhou/co/81522.htm
徐州甲元机械有限公司,http:////www.11467.com/xuzhou/co/81320.htm
徐州凯龙矿山科技开发有限公司,http:////www.11467.com/xuzhou/co/81319.htm
阳泉鑫海商贸有限公司,http:////www.11467.com/yangquan/co/11255.htm
扬州成达管阀制造有限公司,http:////www.11467.com/yangzhou/co/106808.htm
扬州博尔控制阀门有限公司销售中心,http:////www.11467.com/yangzhou/co/76395.htm
山东达润专用车有限公司销售部,http:////www.11467.com/yantai/co/124241.htm
湖北省宜昌市卓能机电有限公司,http:////www.11467.com/yichang/co/43446.htm
银川聚力通商贸有限公司,http:////www.11467.com/yinchuan/co/38074.htm
宁夏神宁物资设备有限公司,http:////www.11467.com/yinchuan/co/38335.htm
岳阳大力神电磁技术有限公司,http:////www.11467.com/yueyang/co/32568.htm
君明防爆电器有限公司,http:////www.11467.com/yulinshi/co/19456.htm
滕州市鑫福民选煤机械制造有限公司,http:////www.11467.com/zaozhuang/co/36969.htm
枣庄市兴成贸易有限公司,http:////www.11467.com/zaozhuang/co/27614.htm
山东煤城机械制造有限公司,http:////www.11467.com/zaozhuang/co/37189.htm
山东滕州市矿用建筑建材安装公司,http:////www.11467.com/zaozhuang/co/37088.htm
枣庄市鑫晶煤炭洗选设备有限公司,http:////www.11467.com/zaozhuang/co/37032.htm
张家口宏达商贸有限公司“煤矿机械厂”,http:////www.11467.com/zhangjiakou/co/36568.htm
张家口东升伟业机械制造有限公司,http:////www.11467.com/zhangjiakou/co/22026.htm
河北省任县永兴机械厂公司,http:////www.11467.com/zhangjiakou/co/36648.htm
河南省郑州市德发重型工程有限公司,http:////www.11467.com/zhengzhou/co/112337.htm
上海凯麟国际贸易有限公司 营销部,http:////www.11467.com/zhengzhou/co/113504.htm
河南银马电子科技工程有限公司,http:////www.11467.com/zhengzhou/co/94657.htm
河南省长城起重设备有限公司郑州销售部,http:////www.11467.com/zhengzhou/co/177454.htm
河南众旺机械制造有限公司,http:////www.11467.com/zhengzhou/co/147724.htm
巩义市宏建机械模板材料厂,http:////www.11467.com/zhengzhou/co/178278.htm
河南腾欧实业有限公司,http:////www.11467.com/zhengzhou/co/112163.htm
上海山钢实业有限公司郑州部,http:////www.11467.com/zhengzhou/co/139528.htm
河南富阳矿山机械设备有限公司,http:////www.11467.com/zhengzhou/co/177011.htm
巩义市久鑫压球机制造厂,http:////www.11467.com/zhengzhou/co/147805.htm
巩义市腾达型煤压球机械厂,http:////www.11467.com/zhengzhou/co/147620.htm
河南省中原机械制造有限公司,http:////www.11467.com/zhengzhou/co/114210.htm
河南正一建材机械制造有些公司,http:////www.11467.com/zhengzhou/co/113918.htm
江苏中煤矿山设备有限公司河南分公司,http:////www.11467.com/zhengzhou/co/147664.htm
郑州市中天型模机械厂,http:////www.11467.com/zhengzhou/co/147821.htm
吕振亚（个体经营）,http:////www.11467.com/zhengzhou/co/119678.htm
郑州巍达路桥重型机械有限公司,http:////www.11467.com/zhengzhou/co/114404.htm
郑州昊鼎矿业装备有限公司,http:////www.11467.com/zhengzhou/co/171968.htm
郑州市广众科技发展有限公司,http:////www.11467.com/zhengzhou/co/147869.htm
郑州派菲克液压技术有限公司,http:////www.11467.com/zhengzhou/co/178650.htm
山东淄博齐昌商贸有限公司,http:////www.11467.com/zibo/co/93322.htm
济宁国龙矿山支护有限公司,http:////www.11467.com/jining/co/73901.htm
安阳市光明机械厂,http:////www.11467.com/anyang/co/36800.htm
林州市付家河铸造厂,http:////www.11467.com/anyang/co/37032.htm
蚌埠金纬电子科技有限公司,http:////www.11467.com/bengbu/co/35800.htm
沧州陆海石油设备有限公司,http:////www.11467.com/cangzhou/co/38449.htm
河间菲时特石油机械有限公司,http:////www.11467.com/cangzhou/co/59663.htm
郑州市德丰机械制造有限公司,http:////www.11467.com/zhengzhou/co/93625.htm
郑州市东方机械科技有限公司,http:////www.11467.com/zhengzhou/co/179772.htm
郑州龙岗铝业制造有限公司,http:////www.11467.com/zhengzhou/co/118629.htm
郑州金京实业有限公司,http:////www.11467.com/zhengzhou/co/176528.htm
郑州金扬光仪器设备有限公司,http:////www.11467.com/zhengzhou/co/111308.htm
郑州发强矿山机器有限公司,http:////www.11467.com/zhengzhou/co/93543.htm
江苏亿宝莱电器有限公司,http:////www.11467.com/zhenjiang/co/64854.htm
镇江安达非开挖工程机械有限公司综合部,http:////www.11467.com/zhenjiang/co/46178.htm
河南省中瑞钎具有限公司,http:////www.11467.com/zhoukou/co/17318.htm
淄博万方特红特种陶瓷有限公司,http:////www.11467.com/zibo/co/71476.htm
淄博沈鼓通风设备有限公司,http:////www.11467.com/zibo/co/67311.htm
淄博德贝尔矿山设备有限公司,http:////www.11467.com/zibo/co/66621.htm
北京龙德时代科技发展有限公司市场部,http:////www.11467.com/beijing/co/145003.htm
北京市乐华宸工业技术有限公司,http:////www.11467.com/beijing/co/145073.htm
北京中旺煤业有限责任公司,http:////www.11467.com/beijing/co/278264.htm
邹城立宏机电设备有限公司驻京办事处,http:////www.11467.com/beijing/co/438988.htm
北京消防救护器材厂,http:////www.11467.com/beijing/co/699748.htm
中矿龙科能源科技（北京）有限公司,http:////www.11467.com/beijing/co/439068.htm
中林质环北京科技有限公司,http:////www.11467.com/beijing/co/701522.htm
北京中能泰和科技发展有限公司,http:////www.11467.com/beijing/co/701527.htm
上海昌日电气有限公司,http:////www.11467.com/shanghai/co/1044700.htm
上海龙桂机械设备有限公司,http:////www.11467.com/shanghai/co/1051228.htm
上海路吉磁力设备(上海)有限公司,http:////www.11467.com/shanghai/co/1054756.htm
北京中海汇通科技公司（天津办）,http:////www.11467.com/tianjin/co/137500.htm
道奇(天津)机电工程有限公司,http:////www.11467.com/tianjin/co/201578.htm
重庆金童机电有限公司,http:////www.11467.com/chongqing/co/205536.htm
重庆一心仪器仪表有限公司,http:////www.11467.com/chongqing/co/205940.htm
重庆永安煤矿安全仪器仪表有限公司,http:////www.11467.com/chongqing/co/205941.htm
日照一水石材有限公司,http:////www.11467.com/rizhao/co/32327.htm
衡水弘祥工程材料有限公司,http:////www.11467.com/hengshui/co/52347.htm
万源市金达煤矿设备商贸有限责任公司,http:////www.11467.com/dazhou/co/23081.htm
山东艾德矿用配件有限公司,http:////www.11467.com/yantai/co/175328.htm
天津天太钢铁公司,http:////www.11467.com/tianjin/co/307010.htm
天津企通再生资源信息咨询有限公司,http:////www.11467.com/tianjin/co/307670.htm
天津晋鼎紧固件销售有限公司,http:////www.11467.com/tianjin/co/310419.htm
山西泽宇伟业工贸有限公司,http:////www.11467.com/changzhi/co/32653.htm
西安市驰丹商贸有限公司,http:////www.11467.com/xian/co/131014.htm
华北中煤煤矿机电设备有限公司,http:////www.11467.com/jining/co/91395.htm
清苑县鑫冠电器配件有限公司,http:////www.11467.com/baoding/co/109188.htm
济南金丰源电子有限公司,http:////www.11467.com/jinan/co/152998.htm
天津市盛宜达科技有限公司,http:////www.11467.com/tianjin/co/222921.htm
河北诺瑞克国际贸易有限公司,http:////www.11467.com/qiye/26483601.htm
盐城永通矿山设备科技有限公司,http:////www.11467.com/yancheng/co/89440.htm
吉林省神力重型起重机制造有限公司,http:////www.11467.com/changchun/co/73705.htm
长治市鑫源煤矿有限公司,http:////www.11467.com/changzhi/co/25524.htm
长治市瑞捷煤矿机电设备有限公司,http:////www.11467.com/changzhi/co/31968.htm
四川省蒙特威工矿机械设备有限公司,http:////www.11467.com/chengdu/co/215170.htm
大连高端科技发展有限公司-综合部,http:////www.11467.com/dalian/co/44814.htm
瓦轴股份江苏分公司,http:////www.11467.com/dalian/co/73739.htm
大连桃源酒店,http:////www.11467.com/dalian/co/65679.htm
山东宁津恒兴塑业有限公司,http:////www.11467.com/dezhou/co/50677.htm
鄂尔多斯市邦泰新能源矿用汽车制造有限公司,http:////www.11467.com/eerduosi/co/10041.htm
抚顺鑫达矿山装备有限公司,http:////www.11467.com/fushun/co/30135.htm
抚顺旭辰工程机械有限公司,http:////www.11467.com/fushun/co/28736.htm
广州瑞桦商贸发展有限公司,http:////www.11467.com/guangzhou/co/471002.htm
广州迅天软件有限公司(市场部),http:////www.11467.com/guangzhou/co/256641.htm
广州市云上实业有限公司,http:////www.11467.com/guangzhou/co/427994.htm
沈阳实力电机制造有限公司广州办事处,http:////www.11467.com/guangzhou/co/479994.htm
马里康达科斯商业有限公司广州代表处,http:////www.11467.com/guangzhou/co/427772.htm
贵州隆清旺槐矿业有限公司,http:////www.11467.com/guiyang/co/84853.htm
贵州国际商贸投资发展有限公司,http:////www.11467.com/guiyang/co/83085.htm
邯郸海陵机械有限公司,http:////www.11467.com/handan/co/50646.htm
邯郸市飞达矿用电器有限公司磁县分公司,http:////www.11467.com/handan/co/65498.htm
河北省永年县双福煤矿支护架有限公司,http:////www.11467.com/handan/co/69051.htm
邯郸市峰峰矿区共创机电制修有限责任公司,http:////www.11467.com/handan/co/50644.htm
邯郸市易盛物资有限责任公司,http:////www.11467.com/handan/co/69225.htm
杭州国电机械有限公司项目部,http:////www.11467.com/hangzhou/co/246958.htm
杭州汇德隆工业燃气有限公司,http:////www.11467.com/hangzhou/co/247040.htm
浙江国有通讯设备有限公司,http:////www.11467.com/hangzhou/co/372092.htm
合肥能人电器有限公司,http:////www.11467.com/hefei/co/43968.htm
悦丰丝网机械有限责任公司,http:////www.11467.com/hengshui/co/34979.htm
安平华钢丝网特种机械制造厂,http:////www.11467.com/hengshui/co/36442.htm
衡水凯圣煤电配件有限公司,http:////www.11467.com/hengshui/co/19209.htm
安平县楷斌丝网制品有限公司,http:////www.11467.com/hengshui/co/34159.htm
安平天厚压花线材网厂,http:////www.11467.com/hengshui/co/35354.htm
河北程穆橡塑制品有限公司,http:////www.11467.com/hengshui/co/35946.htm
河北省安平县鸿升护栏网厂,http:////www.11467.com/hengshui/co/36443.htm
河北安平县宝鑫金属织网厂,http:////www.11467.com/hengshui/co/22710.htm
河北荣盛丝网有限公司,http:////www.11467.com/hengshui/co/37025.htm
河北省安平宝祥金属织网厂,http:////www.11467.com/hengshui/co/37024.htm
安平县博宇丝网有限公司,http:////www.11467.com/hengshui/co/36845.htm
淮南市通顺矿山机电设备物资供应中心,http:////www.11467.com/huainan/co/15664.htm
博爱县亚联机械制造有限公司,http:////www.11467.com/jiaozuo/co/25968.htm
机电维修制造公司,http:////www.11467.com/jilinshi/co/91692.htm
济南热源锅炉配套有限公司市场部,http:////www.11467.com/jinan/co/113660.htm
山东众邦科技有限公司,http:////www.11467.com/jinan/co/137593.htm
山东百舜翻译服务有限公司,http:////www.11467.com/jinan/co/137962.htm
中国山东济南沃斯科技有限公司,http:////www.11467.com/jinan/co/113797.htm
湖北省钟祥市中宇机电设备有限公司,http:////www.11467.com/jingmen/co/16752.htm
济宁市鑫煤矿山机械制造厂,http:////www.11467.com/jining/co/73123.htm
济宁市中煤工矿物质有限公司,http:////www.11467.com/jining/co/73504.htm
济宁中煤工矿机械制造厂,http:////www.11467.com/jining/co/73126.htm
山东中煤工矿起重分公司,http:////www.11467.com/jining/co/72870.htm
山东中煤中矿有限公司,http:////www.11467.com/jining/co/74338.htm
济宁市八方轨道器材有限责任公司,http:////www.11467.com/jining/co/73336.htm
济宁中煤中贸分公司,http:////www.11467.com/jining/co/73342.htm
山东中煤集团运转设备有限公司,http:////www.11467.com/jining/co/72275.htm
山东省邹城市金方圆机电设备有限公司,http:////www.11467.com/jining/co/72873.htm
济宁市东亚设备有限公司,http:////www.11467.com/jining/co/73343.htm
张衍爽（个体经营）,http:////www.11467.com/jining/co/56057.htm
济宁市中煤工矿物资有限公司中贸一公司,http:////www.11467.com/jining/co/73666.htm
济宁新兴矿机有限责任公司,http:////www.11467.com/jining/co/56137.htm
山东华威机械有限公司,http:////www.11467.com/jining/co/72614.htm
济宁三力(兖矿集团)机电有限公司,http:////www.11467.com/jining/co/72615.htm
山东工矿机械贸易公司,http:////www.11467.com/jining/co/72871.htm
济宁金达有限公司,http:////www.11467.com/jining/co/73503.htm
中安物资有限责任公司,http:////www.11467.com/jining/co/73340.htm
济宁新兴矿机有限公司,http:////www.11467.com/jining/co/73665.htm
山东中煤工矿物资有限公司中贸分公司,http:////www.11467.com/jining/co/73667.htm
邹城统一商贸有限公司一部,http:////www.11467.com/jining/co/55908.htm
邹城市镒隆金属有限公司,http:////www.11467.com/jining/co/72598.htm
济宁市华通工矿物资有限公司,http:////www.11467.com/jining/co/74339.htm
山东济宁中煤工矿五分公司,http:////www.11467.com/jining/co/72044.htm
济宁中煤工矿有限公司机械加工厂,http:////www.11467.com/jining/co/73500.htm
山东中煤工矿物资有限公司机电公部,http:////www.11467.com/jining/co/74336.htm
济宁中煤工矿机械设备制造有限公司,http:////www.11467.com/jining/co/73125.htm
邹城市科创机电有限公司,http:////www.11467.com/jining/co/73900.htm
济宁市鸿基工贸有限公司 销售部,http:////www.11467.com/jining/co/55984.htm
天绿环保科技开发有限公司,http:////www.11467.com/jinzhong/co/21760.htm
鸡西神运采煤机配件销售有限公司,http:////www.11467.com/jixi/co/21886.htm
开封市艾威克斯机械制造有限公司,http:////www.11467.com/kaifeng/co/19968.htm
河北中北橡胶机带有限公司昆明分公司,http:////www.11467.com/kunming/co/78123.htm
云南昆明矿山机械工业总公司,http:////www.11467.com/kunming/co/127756.htm
莱芜九鼎矿用支护材料有限公司,http:////www.11467.com/laiwu/co/14616.htm
山东华星电力有限公司,http:////www.11467.com/liaocheng/co/50753.htm
蒙阴秦嘉煤矿支护设备有限公司,http:////www.11467.com/linyi/co/80973.htm
洛阳矿通有限公司,http:////www.11467.com/luoyang/co/60495.htm
马鞍山白云环保设备有限公司销售部,http:////www.11467.com/maanshan/co/20448.htm
奉化市中发煤机制造有限公司,http:////www.11467.com/ningbo/co/142781.htm
浙江实达电子有限公司,http:////www.11467.com/ningbo/co/142737.htm
谢君裕(个体经营）,http:////www.11467.com/ningbo/co/142908.htm
平顶山蟒川鑫达资源开发有限公司,http:////www.11467.com/pingdingshan/co/23739.htm
贵州顶效经济开发区湘盛煤焦有限公司,http:////www.11467.com/qianxinan/co/4528.htm
青岛神宇自动化科技有限公司,http:////www.11467.com/qingdao/co/155611.htm
清远市清城区新城康胜陶瓷原料经营部,http:////www.11467.com/qingyuan/co/22751.htm
中远能源贸易发展公司,http:////www.11467.com/quanzhou/co/113701.htm
沈阳市万通型煤厂,http:////www.11467.com/shenyang/co/80904.htm
北方重工集团有限公司沈阳重型分公司,http:////www.11467.com/shenyang/co/64979.htm
深圳金通大进出口有限公司,http:////www.11467.com/shenzhen/co/690842.htm
龙祥机械制造厂,http:////www.11467.com/shenzhen/co/720708.htm
深圳彩虹化工贸易有限公司,http:////www.11467.com/shenzhen/co/720882.htm
深圳市盛源电气技术有限公司,http:////www.11467.com/shenzhen/co/796900.htm
深圳市颐则信息咨询有限公司,http:////www.11467.com/shenzhen/co/796899.htm
石家庄华夏龙腾矿山机械设备有限公司,http:////www.11467.com/shijiazhuang/co/127479.htm
河北聚择矿冶设备贸易有限公司,http:////www.11467.com/shijiazhuang/co/141091.htm
石家庄市铢澳商贸有限公司,http:////www.11467.com/shijiazhuang/co/140756.htm
华瑞电子有限公司,http:////www.11467.com/suqian/co/14859.htm
盖茨液压技术苏州有限公司,http:////www.11467.com/suzhou/co/202790.htm
宿州市健生矿山设备有限公司,http:////www.11467.com/suzhoushi/co/24743.htm
山东省莱芜市煤炭设备厂,http:////www.11467.com/taian/co/20980.htm
翟镇煤矿东泰金属编织厂,http:////www.11467.com/taian/co/41596.htm
泰安市鹏程液压机械厂,http:////www.11467.com/taian/co/41629.htm
山西省交城县东锋机械有限公司,http:////www.11467.com/taiyuan/co/83100.htm
泰州市华旭煤矿机电有限公司,http:////www.11467.com/taizhoushi/co/45326.htm
唐山市丰润区超峰矿山支护设备有限公司,http:////www.11467.com/tangshan/co/76003.htm
增盛煤矿有限公司,http:////www.11467.com/tangshan/co/63263.htm
中煤矿业有限公司,http:////www.11467.com/wenzhou/co/219650.htm
永嘉阳一阀门有限公司,http:////www.11467.com/wenzhou/co/223204.htm
新疆盖特进出口贸易有限公司,http:////www.11467.com/wulumuqi/co/87962.htm
无锡定立环保机械制造有限公司,http:////www.11467.com/wuxi/co/214614.htm
宜兴市三英机械设备有限公司,http:////www.11467.com/wuxi/co/163124.htm
宜兴市旺玺节能科技有限公司,http:////www.11467.com/wuxi/co/234829.htm
陕西汇能机电有限公司生产部,http:////www.11467.com/xian/co/94832.htm
西安精锐钻探机具有限公司,http:////www.11467.com/xian/co/69562.htm
西安西横自控仪表有限责任公司,http:////www.11467.com/xian/co/123480.htm
西安捷腾商贸有限公司,http:////www.11467.com/xian/co/95225.htm
陕西金马机电设备有限公司,http:////www.11467.com/xian/co/124377.htm
西安巨源测控科技有限公司,http:////www.11467.com/xian/co/122702.htm
陕西静安科技发展有限责任公司,http:////www.11467.com/xian/co/95065.htm
西安秦珠安全技术装备有限公司,http:////www.11467.com/xian/co/95084.htm
中国好运科技有限公司,http:////www.11467.com/xian/co/76279.htm
咸阳永盛机械厂,http:////www.11467.com/xianyang/co/17328.htm
邢台县谈话矿砂磨料厂,http:////www.11467.com/xintai/co/8516.htm
河北省邢台市金哲矿山配件厂,http:////www.11467.com/xintai/co/34500.htm
河北一毡有限公司,http:////www.11467.com/xintai/co/51670.htm
河北煤炭建设第四工程处机厂,http:////www.11467.com/xintai/co/51671.htm
新乡市海洋过滤器有限公司销售部,http:////www.11467.com/xinxiang/co/23397.htm
新乡市华升物资有限公司,http:////www.11467.com/xinxiang/co/25884.htm
科安安全设备有限公司,http:////www.11467.com/xuzhou/co/52309.htm
江苏浩明机电设备有限公司,http:////www.11467.com/xuzhou/co/75812.htm
徐州盛大自动化有限公司,http:////www.11467.com/xuzhou/co/81691.htm
徐州康明测控科技有限公司,http:////www.11467.com/xuzhou/co/33853.htm
徐州矿山设备有限公司,http:////www.11467.com/xuzhou/co/81322.htm
徐州市同邦电控设备有限公司,http:////www.11467.com/xuzhou/co/81605.htm
江苏永鑫投资有限公司,http:////www.11467.com/xuzhou/co/63454.htm
江乾舟(个体经营),http:////www.11467.com/yancheng/co/60694.htm
江苏双园有限公司金属制造,http:////www.11467.com/yangzhou/co/107296.htm
烟台宝峰金属材料有限责任公司,http:////www.11467.com/yantai/co/156257.htm
宜宾市辉煌机电设备有限公司,http:////www.11467.com/yibin/co/22817.htm
营口大和衡器有限公司销售部,http:////www.11467.com/yingkou/co/42192.htm
榆林市荣辉工程机械有限公司,http:////www.11467.com/yulinshi/co/22.htm
枣庄天虹工贸有限公司,http:////www.11467.com/zaozhuang/co/30528.htm
河南省煤田地质局物探测量队,http:////www.11467.com/zhengzhou/co/28053.htm
河南宇洁节能环保工程有限公司,http:////www.11467.com/zhengzhou/co/177002.htm
河南鑫龙机电有限公司,http:////www.11467.com/zhengzhou/co/177453.htm
潘斌(个体经营),http:////www.11467.com/zhengzhou/co/147710.htm
河南天盾安全生产技术有限公司,http:////www.11467.com/zhengzhou/co/116018.htm
河南天盛博远科教设备有限公司,http:////www.11467.com/zhengzhou/co/122556.htm
巩义市佳诚机器有限公司,http:////www.11467.com/zhengzhou/co/176136.htm
国营河南远大机械制造公司,http:////www.11467.com/zhengzhou/co/147806.htm
河南嵩航实业,http:////www.11467.com/zhengzhou/co/147573.htm
郑州嵩元煤矿机械制造有限公司,http:////www.11467.com/zhengzhou/co/159358.htm
河南名友实业有限公司,http:////www.11467.com/zhengzhou/co/90195.htm
河南大洋重工机械制造有限公司,http:////www.11467.com/zhengzhou/co/175553.htm
巩义市豫太机械厂,http:////www.11467.com/zhengzhou/co/174803.htm
河南飞和实业有限公司,http:////www.11467.com/zhengzhou/co/83049.htm
郑州市永华机械制造有限公司网络销售部,http:////www.11467.com/zhengzhou/co/93393.htm
郑州伟业机械厂,http:////www.11467.com/zhengzhou/co/179573.htm
郑州科市华电器设备有限公司,http:////www.11467.com/zhengzhou/co/147855.htm
郑州云江液压机械设备有限公司,http:////www.11467.com/zhengzhou/co/174804.htm
郑州振华重型机械制造有限公司,http:////www.11467.com/zhengzhou/co/171976.htm
郑州诚信压球机械制造有限公司,http:////www.11467.com/zhengzhou/co/147804.htm
淄博迈特磁电科技有限公司（销售部）,http:////www.11467.com/zibo/co/75026.htm
淄博德洪矿山机械有限公司,http:////www.11467.com/zibo/co/99507.htm
北京陆野信息服务有限公司,http:////www.11467.com/beijing/co/708243.htm
北京聚诚机械设备有限公司,http:////www.11467.com/beijing/co/694892.htm
北京市佳碳暖通有限公司,http:////www.11467.com/beijing/co/145315.htm
北京教育集团,http:////www.11467.com/beijing/co/145140.htm
德沃中能电气(北京)有限公司,http:////www.11467.com/beijing/co/712130.htm
上海汉墨自动化系统有限公司,http:////www.11467.com/shanghai/co/876401.htm
上海矿用阀门有限公司,http:////www.11467.com/shanghai/co/1058984.htm
孚乐率传输设备制造（上海）有限公司,http:////www.11467.com/shanghai/co/876616.htm
上海嘉立德矿业成套设备工程有限公司,http:////www.11467.com/shanghai/co/220167.htm
上海信斐投资咨询有限公司,http:////www.11467.com/shanghai/co/469862.htm
上海浩纬科技开发有限公司,http:////www.11467.com/shanghai/co/1052499.htm
沈阳伊莱特（天津）液压工程有限公司,http:////www.11467.com/tianjin/co/36133.htm
天津开发区兰顿油田服务有限公司(商务部）,http:////www.11467.com/tianjin/co/161288.htm
天津普利百华电气设备有限公司,http:////www.11467.com/tianjin/co/197218.htm
天津万发经贸有限公司,http:////www.11467.com/tianjin/co/27215.htm
重庆永义汇机电设备制造有限公司,http:////www.11467.com/chongqing/co/207023.htm
美柯(天津)工程技术有限公司,http:////www.11467.com/tianjin/co/307669.htm
新疆华瑞得利贸易有限公司,http:////www.11467.com/wulumuqi/co/105455.htm
上海正泰投资有限公司,http:////www.11467.com/shanghai/co/1178664.htm
东光县鑫业煤矿设备商贸有限责任公司,http:////www.11467.com/cangzhou/co/107543.htm
鑫辉煤矿设备经营部,http:////www.11467.com/qiye/60683473.htm
钟山开发区山城金字塔煤矿设备经营部,http:////www.11467.com/qiye/60710855.htm
新疆三坪煤矿设备有限公司,http:////www.11467.com/qiye/64094873.htm
太原市晋源区瑞浩煤矿设备销售处,http:////www.11467.com/qiye/69921289.htm
长治市金吉鑫煤矿设备有限公司,http:////www.11467.com/qiye/73322818.htm
忠洋煤矿设备,http:////www.11467.com/qiye/74174032.htm
山西创昊煤矿设备有限公司,http:////www.11467.com/qiye/75063953.htm
鸡西市城子河区佟泰煤矿设备经销处,http:////www.11467.com/qiye/76586283.htm
三鑫煤矿设备加工制造,http:////www.11467.com/qiye/78838461.htm
北京德尔电气科技有限公司,http:////www.11467.com/beijing/co/701529.htm
北京紫铭光电科技有限公司,http:////www.11467.com/beijing/co/701528.htm
晋城市西上庄供销合作社煤矿设备厂家联合销售站,http:////www.11467.com/qiye/90079963.htm
枣庄中机煤矿设备制造有限公司六盘水分公司,http:////www.11467.com/qiye/90566244.htm
无锡胜科煤矿设备制造有限公司潍坊分公司,http:////www.11467.com/qiye/90614493.htm
贵州沁缘煤矿设备有限公司,http:////www.11467.com/qiye/90965826.htm
贵州鲁华煤矿设备商贸有限公司,http:////www.11467.com/qiye/91053241.htm
静乐县安源煤矿设备经销部,http:////www.11467.com/qiye/91356554.htm
蔚县南留庄镇德力西电器煤矿设备销售处,http:////www.11467.com/qiye/91380214.htm
兴义市天晟煤矿设备总汇,http:////www.11467.com/qiye/91794134.htm
平遥中都乡喜德力煤矿设备经营部,http:////www.11467.com/qiye/92186329.htm
大同市南郊区顶好煤矿设备供应处,http:////www.11467.com/qiye/93031243.htm
大同市亚恩煤矿设备有限公司,http:////www.11467.com/qiye/93142129.htm
榆林市德亿昌煤矿设备销售有限公司,http:////www.11467.com/qiye/93142132.htm
内蒙古隆煤煤矿设备销售有限公司,http:////www.11467.com/qiye/93142147.htm
濮阳光华煤矿设备有限公司,http:////www.11467.com/qiye/93142151.htm
交城县大营根维煤矿设备配件厂,http:////www.11467.com/qiye/93142156.htm
无锡高威煤矿设备有限公司,http:////www.11467.com/qiye/93308796.htm
兴义市天晟煤矿设备总汇,http:////www.11467.com/qiye/91794134.htm
平遥中都乡喜德力煤矿设备经营部,http:////www.11467.com/qiye/92186329.htm
大同市南郊区顶好煤矿设备供应处,http:////www.11467.com/qiye/93031243.htm
大同市亚恩煤矿设备有限公司,http:////www.11467.com/qiye/93142129.htm
榆林市德亿昌煤矿设备销售有限公司,http:////www.11467.com/qiye/93142132.htm
内蒙古隆煤煤矿设备销售有限公司,http:////www.11467.com/qiye/93142147.htm
濮阳光华煤矿设备有限公司,http:////www.11467.com/qiye/93142151.htm
交城县大营根维煤矿设备配件厂,http:////www.11467.com/qiye/93142156.htm
无锡高威煤矿设备有限公司,http:////www.11467.com/qiye/93308796.htm
